=== (1) 白炉能量守恒(F0 = 1,f_avg = 1)===
E_total = E_ss·f_avg·(1+k) + f_avg²·k,应严格 = 1

 alpha    mu       E_ss          k    E_total        误差  verdict
  0.05  1.00     1.0000     0.0000     1.0000    0.0000  ok
  0.05  0.75     1.0000     0.0000     1.0000    0.0000  ok
  0.05  0.50     1.0000     0.0000     1.0000    0.0000  ok
  0.05  0.25     1.0000     0.0000     1.0000    0.0000  ok

  0.10  1.00     1.0000     0.0000     1.0000    0.0000  ok
  0.10  0.75     1.0000     0.0000     1.0000    0.0000  ok
  0.10  0.50     0.9999     0.0000     1.0000    0.0000  ok
  0.10  0.25     0.9997     0.0001     1.0000    0.0000  ok

  0.20  1.00     0.9999     0.0000     1.0000    0.0000  ok
  0.20  0.75     0.9995     0.0002     1.0000    0.0000  ok
  0.20  0.50     0.9989     0.0006     1.0000    0.0000  ok
  0.20  0.25     0.9981     0.0009     1.0000    0.0000  ok

  0.30  1.00     0.9987     0.0007     1.0000    0.0000  ok
  0.30  0.75     0.9971     0.0015     1.0000    0.0000  ok
  0.30  0.50     0.9950     0.0025     1.0000    0.0000  ok
  0.30  0.25     0.9956     0.0022     1.0000    0.0000  ok

  0.40  1.00     0.9925     0.0038     1.0000    0.0000  ok
  0.40  0.75     0.9891     0.0055     1.0000    0.0000  ok
  0.40  0.50     0.9873     0.0064     1.0000    0.0000  ok
  0.40  0.25     0.9886     0.0057     1.0000    0.0000  ok

  0.50  1.00     0.9731     0.0136     1.0000    0.0000  ok
  0.50  0.75     0.9705     0.0150     1.0000    0.0000  ok
  0.50  0.50     0.9704     0.0150     1.0000    0.0000  ok
  0.50  0.25     0.9619     0.0194     1.0000    0.0000  ok

  0.60  1.00     0.9315     0.0355     1.0000    0.0000  ok
  0.60  0.75     0.9334     0.0345     1.0000    0.0000  ok
  0.60  0.50     0.9303     0.0361     1.0000    0.0000  ok
  0.60  0.25     0.8876     0.0596     1.0000    0.0000  ok

  0.70  1.00     0.8652     0.0723     1.0000    0.0000  ok
  0.70  0.75     0.8683     0.0705     1.0000    0.0000  ok
  0.70  0.50     0.8510     0.0805     1.0000    0.0000  ok
  0.70  0.25     0.7787     0.1244     1.0000    0.0000  ok

  0.80  1.00     0.7827     0.1219     1.0000    0.0000  ok
  0.80  0.75     0.7803     0.1234     1.0000    0.0000  ok
  0.80  0.50     0.7505     0.1425     1.0000    0.0000  ok
  0.80  0.25     0.6801     0.1904     1.0000    0.0000  ok

  0.90  1.00     0.6952     0.1798     1.0000    0.0000  ok
  0.90  0.75     0.6909     0.1828     1.0000    0.0000  ok
  0.90  0.50     0.6580     0.2062     1.0000    0.0000  ok
  0.90  0.25     0.5967     0.2526     1.0000    0.0000  ok

  1.00  1.00     0.6134     0.2396     1.0000    0.0000  ok
  1.00  0.75     0.6130     0.2400     1.0000    0.0000  ok
  1.00  0.50     0.5814     0.2647     1.0000    0.0000  ok
  1.00  0.25     0.5233     0.3129     1.0000    0.0000  ok

最大能量误差 = 0.0000
==> 白炉能量守恒 通过(误差 < 1%)

=== (2) 有色表面:E_total 应恒等于 f_avg(不随粗糙度掉能量)===

  f_avg = 0.04
   alpha    mu       E_ss          k    E_total     与 f_avg 之差
    0.20  1.00     0.9999     0.0001    0.04000        0.00000
    0.20  0.50     0.9989     0.0011    0.04000        0.00000
    0.50  1.00     0.9731     0.0265    0.04000        0.00000
    0.50  0.50     0.9704     0.0293    0.04000        0.00000
    0.80  1.00     0.7827     0.2642    0.04000        0.00000
    0.80  0.50     0.7505     0.3155    0.04000        0.00000
    1.00  1.00     0.6134     0.5918    0.04000        0.00000
    1.00  0.50     0.5814     0.6735    0.04000        0.00000
  最大偏差 = 0.00000  ->  守恒

  f_avg = 0.1
   alpha    mu       E_ss          k    E_total     与 f_avg 之差
    0.20  1.00     0.9999     0.0001    0.10000        0.00000
    0.20  0.50     0.9989     0.0010    0.10000        0.00000
    0.50  1.00     0.9731     0.0251    0.10000        0.00000
    0.50  0.50     0.9704     0.0276    0.10000        0.00000
    0.80  1.00     0.7827     0.2462    0.10000        0.00000
    0.80  0.50     0.7505     0.2933    0.10000        0.00000
    1.00  1.00     0.6134     0.5420    0.10000        0.00000
    1.00  0.50     0.5814     0.6142    0.10000        0.00000
  最大偏差 = 0.00000  ->  守恒

  f_avg = 0.5
   alpha    mu       E_ss          k    E_total     与 f_avg 之差
    0.20  1.00     0.9999     0.0001    0.50000        0.00000
    0.20  0.50     0.9989     0.0008    0.50000        0.00000
    0.50  1.00     0.9731     0.0183    0.50000        0.00000
    0.50  0.50     0.9704     0.0201    0.50000        0.00000
    0.80  1.00     0.7827     0.1694    0.50000        0.00000
    0.80  0.50     0.7505     0.1995    0.50000        0.00000
    1.00  1.00     0.6134     0.3473    0.50000        0.00000
    1.00  0.50     0.5814     0.3870    0.50000        0.00000
  最大偏差 = 0.00000  ->  守恒

  f_avg = 1.0
   alpha    mu       E_ss          k    E_total     与 f_avg 之差
    0.20  1.00     0.9999     0.0000    1.00000        0.00000
    0.20  0.50     0.9989     0.0006    1.00000        0.00000
    0.50  1.00     0.9731     0.0136    1.00000        0.00000
    0.50  0.50     0.9704     0.0150    1.00000        0.00000
    0.80  1.00     0.7827     0.1219    1.00000        0.00000
    0.80  0.50     0.7505     0.1425    1.00000        0.00000
    1.00  1.00     0.6134     0.2396    1.00000        0.00000
    1.00  0.50     0.5814     0.2647    1.00000        0.00000
  最大偏差 = 0.00000  ->  守恒
